UNITS=MM
#Layer_Color=16711935
#
#Feature symbol names
#
$0 r9.99998
$1 r19.99996

#
#Feature attribute names
#

#
#Layer features
#
L -0.11999976 2.74999704 -0.11999976 4.24999912 1 P 0
L -0.1499235 19.4999991 0.3500755 19.4999991 0 P 0
L -0.49500028 3.24999858 -0.49500028 3.74999758 1 P 0
L -0.69992494 18.09999936 -0.69992494 20.89999884 0 P 0
L -0.69992494 18.09999936 0.90007694 18.09999936 0 P 0
L -0.69992494 20.89999884 0.90007694 20.89999884 0 P 0
L -0.74499978 3.49999808 -0.24500078 3.49999808 1 P 0
L -0.8700008 2.74999704 -0.11999976 2.74999704 1 P 0
L -0.8700008 2.74999704 -0.8700008 4.24999912 1 P 0
L -0.8700008 4.24999912 -0.11999976 4.24999912 1 P 0
L -1.38999976 2.74999704 -1.38999976 4.24999912 0 P 0
L -1.59992314 18.09999936 -1.59992314 20.89999884 0 P 0
L -1.76500028 3.24999858 -1.76500028 3.74999758 0 P 0
L -2.01499978 3.49999808 -1.51500078 3.49999808 0 P 0
L -2.1400008 2.74999704 -1.38999976 2.74999704 0 P 0
L -2.1400008 2.74999704 -2.1400008 4.24999912 0 P 0
L -2.1400008 4.24999912 -1.38999976 4.24999912 0 P 0
L -2.39992408 19.2499996 -2.39992408 19.7499986 0 P 0
L -2.40000028 8.24999874 -2.40000028 8.74999774 0 P 0
L -2.64992358 19.4999991 -2.14992458 19.4999991 0 P 0
L -2.64999978 8.49999824 -2.15000078 8.49999824 0 P 0
L -2.65999976 2.74999704 -2.65999976 4.24999912 1 P 0
L -3.03500028 3.24999858 -3.03500028 3.74999758 1 P 0
L -3.19992502 18.09999936 -1.59992314 18.09999936 0 P 0
L -3.19992502 18.09999936 -3.19992502 20.89999884 0 P 0
L -3.19992502 20.89999884 -1.59992314 20.89999884 0 P 0
L -3.28499978 3.49999808 -2.78500078 3.49999808 1 P 0
L -3.4100008 2.74999704 -2.65999976 2.74999704 1 P 0
L -3.4100008 2.74999704 -3.4100008 4.24999912 1 P 0
L -3.4100008 4.24999912 -2.65999976 4.24999912 1 P 0
L -3.92999976 2.74999704 -3.92999976 4.24999912 0 P 0
L -4.09992322 18.09999936 -4.09992322 20.89999884 0 P 0
L -4.30500028 3.24999858 -4.30500028 3.74999758 0 P 0
L -4.55499978 3.49999808 -4.05500078 3.49999808 0 P 0
L -4.6800008 2.74999704 -3.92999976 2.74999704 0 P 0
L -4.6800008 2.74999704 -4.6800008 4.24999912 0 P 0
L -4.6800008 4.24999912 -3.92999976 4.24999912 0 P 0
L -4.89992416 19.2499996 -4.89992416 19.7499986 0 P 0
L -5.14992366 19.4999991 -4.64992466 19.4999991 0 P 0
L -5.19999976 2.74999704 -5.19999976 4.24999912 1 P 0
L -5.57500028 3.24999858 -5.57500028 3.74999758 1 P 0
L -5.6999251 18.09999936 -4.09992322 18.09999936 0 P 0
L -5.6999251 18.09999936 -5.6999251 20.89999884 0 P 0
L -5.6999251 20.89999884 -4.09992322 20.89999884 0 P 0
L -5.82499978 3.49999808 -5.32500078 3.49999808 1 P 0
L -5.9500008 2.74999704 -5.19999976 2.74999704 1 P 0
L -5.9500008 2.74999704 -5.9500008 4.24999912 1 P 0
L -5.9500008 4.24999912 -5.19999976 4.24999912 1 P 0
L -6.46999976 2.74999704 -6.46999976 4.24999912 0 P 0
L -6.84500028 3.24999858 -6.84500028 3.74999758 0 P 0
L -7.09499978 3.49999808 -6.59500078 3.49999808 0 P 0
L -7.2200008 2.74999704 -6.46999976 2.74999704 0 P 0
L -7.2200008 2.74999704 -7.2200008 4.24999912 0 P 0
L -7.2200008 4.24999912 -6.46999976 4.24999912 0 P 0
L -7.89999944 4.49999862 -7.89999944 12.49999786 0 P 0
L -7.89999944 4.49999862 3.09999888 4.49999862 0 P 0
L -7.89999944 12.49999786 3.09999888 12.49999786 0 P 0
L 0.100076 19.2499996 0.100076 19.7499986 0 P 0
L 0.3999992 2.74999704 0.3999992 4.24999912 0 P 0
L 0.3999992 2.74999704 1.15000024 2.74999704 0 P 0
L 0.3999992 4.24999912 1.15000024 4.24999912 0 P 0
L 0.52500022 3.49999808 1.02499922 3.49999808 0 P 0
L 0.77499972 3.24999858 0.77499972 3.74999758 0 P 0
L 0.90007694 18.09999936 0.90007694 20.89999884 0 P 0
L 1.15000024 2.74999704 1.15000024 4.24999912 0 P 0
L 1.6699992 2.74999704 1.6699992 4.24999912 1 P 0
L 1.6699992 2.74999704 2.42000024 2.74999704 1 P 0
L 1.6699992 4.24999912 2.42000024 4.24999912 1 P 0
L 1.79500022 3.49999808 2.29499922 3.49999808 1 P 0
L 1.80007514 18.09999936 1.80007514 20.89999884 0 P 0
L 1.80007514 18.09999936 3.40007702 18.09999936 0 P 0
L 1.80007514 20.89999884 3.40007702 20.89999884 0 P 0
L 2.04499972 3.24999858 2.04499972 3.74999758 1 P 0
L 2.35007658 19.4999991 2.85007558 19.4999991 0 P 0
L 2.42000024 2.74999704 2.42000024 4.24999912 1 P 0
L 2.60007608 19.2499996 2.60007608 19.7499986 0 P 0
L 3.09999888 4.49999862 3.09999888 12.49999786 0 P 0
L 3.40007702 18.09999936 3.40007702 20.89999884 0 P 0
L 4.30007522 18.09999936 4.30007522 20.89999884 0 P 0
L 4.30007522 18.09999936 5.9000771 18.09999936 0 P 0
L 4.30007522 20.89999884 5.9000771 20.89999884 0 P 0
L 4.60000096 4.49999862 4.60000096 12.49999786 0 P 0
L 4.60000096 4.49999862 15.59999928 4.49999862 0 P 0
L 4.60000096 12.49999786 15.59999928 12.49999786 0 P 0
L 4.85007666 19.4999991 5.35007566 19.4999991 0 P 0
L 5.10007616 19.2499996 5.10007616 19.7499986 0 P 0
L 5.2799996 2.74999704 5.2799996 4.24999912 0 P 0
L 5.2799996 2.74999704 6.03000064 2.74999704 0 P 0
L 5.2799996 4.24999912 6.03000064 4.24999912 0 P 0
L 5.40500062 3.49999808 5.90499962 3.49999808 0 P 0
L 5.65500012 3.24999858 5.65500012 3.74999758 0 P 0
L 5.9000771 18.09999936 5.9000771 20.89999884 0 P 0
L 6.03000064 2.74999704 6.03000064 4.24999912 0 P 0
L 6.5499996 2.74999704 6.5499996 4.24999912 1 P 0
L 6.5499996 2.74999704 7.30000064 2.74999704 1 P 0
L 6.5499996 4.24999912 7.30000064 4.24999912 1 P 0
L 6.67500062 3.49999808 7.17499962 3.49999808 1 P 0
L 6.8000753 18.09999936 6.8000753 20.89999884 0 P 0
L 6.8000753 18.09999936 8.40007718 18.09999936 0 P 0
L 6.8000753 20.89999884 8.40007718 20.89999884 0 P 0
L 6.92500012 3.24999858 6.92500012 3.74999758 1 P 0
L 7.30000064 2.74999704 7.30000064 4.24999912 1 P 0
L 7.35007674 19.4999991 7.85007574 19.4999991 0 P 0
L 7.60007624 19.2499996 7.60007624 19.7499986 0 P 0
L 7.8199996 2.74999704 7.8199996 4.24999912 0 P 0
L 7.8199996 2.74999704 8.57000064 2.74999704 0 P 0
L 7.8199996 4.24999912 8.57000064 4.24999912 0 P 0
L 7.94500062 3.49999808 8.44499962 3.49999808 0 P 0
L 8.19500012 3.24999858 8.19500012 3.74999758 0 P 0
L 8.40007718 18.09999936 8.40007718 20.89999884 0 P 0
L 8.57000064 2.74999704 8.57000064 4.24999912 0 P 0
L 9.0899996 2.74999704 9.0899996 4.24999912 1 P 0
L 9.0899996 2.74999704 9.84000064 2.74999704 1 P 0
L 9.0899996 4.24999912 9.84000064 4.24999912 1 P 0
L 9.21500062 3.49999808 9.71499962 3.49999808 1 P 0
L 9.30007538 18.09999936 9.30007538 20.89999884 0 P 0
L 9.30007538 18.09999936 10.90007726 18.09999936 0 P 0
L 9.30007538 20.89999884 10.90007726 20.89999884 0 P 0
L 9.46500012 3.24999858 9.46500012 3.74999758 1 P 0
L 9.84000064 2.74999704 9.84000064 4.24999912 1 P 0
L 9.85000062 8.49999824 10.34999962 8.49999824 0 P 0
L 9.85007682 19.4999991 10.35007582 19.4999991 0 P 0
L 10.10000012 8.24999874 10.10000012 8.74999774 0 P 0
L 10.10007632 19.2499996 10.10007632 19.7499986 0 P 0
L 10.3599996 2.74999704 10.3599996 4.24999912 0 P 0
L 10.3599996 2.74999704 11.11000064 2.74999704 0 P 0
L 10.3599996 4.24999912 11.11000064 4.24999912 0 P 0
L 10.48500062 3.49999808 10.98499962 3.49999808 0 P 0
L 10.73500012 3.24999858 10.73500012 3.74999758 0 P 0
L 10.90007726 18.09999936 10.90007726 20.89999884 0 P 0
L 11.11000064 2.74999704 11.11000064 4.24999912 0 P 0
L 11.6299996 2.74999704 11.6299996 4.24999912 1 P 0
L 11.6299996 2.74999704 12.38000064 2.74999704 1 P 0
L 11.6299996 4.24999912 12.38000064 4.24999912 1 P 0
L 11.75500062 3.49999808 12.25499962 3.49999808 1 P 0
L 11.80007546 18.09999936 11.80007546 20.89999884 0 P 0
L 11.80007546 18.09999936 13.40007734 18.09999936 0 P 0
L 11.80007546 20.89999884 13.40007734 20.89999884 0 P 0
L 12.00500012 3.24999858 12.00500012 3.74999758 1 P 0
L 12.3500769 19.4999991 12.8500759 19.4999991 0 P 0
L 12.38000064 2.74999704 12.38000064 4.24999912 1 P 0
L 12.6000764 19.2499996 12.6000764 19.7499986 0 P 0
L 12.8999996 2.74999704 12.8999996 4.24999912 0 P 0
L 12.8999996 2.74999704 13.65000064 2.74999704 0 P 0
L 12.8999996 4.24999912 13.65000064 4.24999912 0 P 0
L 13.02500062 3.49999808 13.52499962 3.49999808 0 P 0
L 13.27500012 3.24999858 13.27500012 3.74999758 0 P 0
L 13.40007734 18.09999936 13.40007734 20.89999884 0 P 0
L 13.65000064 2.74999704 13.65000064 4.24999912 0 P 0
L 14.1699996 2.74999704 14.1699996 4.24999912 1 P 0
L 14.1699996 2.74999704 14.92000064 2.74999704 1 P 0
L 14.1699996 4.24999912 14.92000064 4.24999912 1 P 0
L 14.29500062 3.49999808 14.79499962 3.49999808 1 P 0
L 14.54500012 3.24999858 14.54500012 3.74999758 1 P 0
L 14.92000064 2.74999704 14.92000064 4.24999912 1 P 0
L 15.59999928 4.49999862 15.59999928 12.49999786 0 P 0
