UNITS=MM
#Layer_Color=9474304
#
#Feature symbol names
#
$0 r127

#
#Feature attribute names
#

#
#Layer features
#
L -0.1540002 23.74600026 0.0999998 23.49200026 0 P 0
L -0.1540002 24.25400026 0.0999998 24.50800026 0 P 0
L -0.407924 18.07299916 0.100076 17.05699916 0 P 0
L -0.407924 18.07299916 0.608076 18.07299916 0 P 0
L -0.4080002 23.74600026 -0.1540002 23.74600026 0 P 0
L -0.4080002 23.74600026 -0.1540002 24.00000026 0 P 0
L -0.4080002 24.25400026 -0.1540002 24.00000026 0 P 0
L -0.4080002 24.25400026 -0.1540002 24.25400026 0 P 0
L -0.49500028 5.49199816 0.01299972 6.50799816 0 P 0
L -0.49500028 12.4919994 0.01299972 13.5079994 0 P 0
L -0.50799492 2.50799854 0.00000508 1.49199854 0 P 0
L -0.50799492 2.50799854 0.50800508 2.50799854 0 P 0
L -1.00300028 6.50799816 -0.49500028 5.49199816 0 P 0
L -1.00300028 6.50799816 0.01299972 6.50799816 0 P 0
L -1.00300028 13.5079994 -0.49500028 12.4919994 0 P 0
L -1.00300028 13.5079994 0.01299972 13.5079994 0 P 0
L -1.76500028 5.49199816 -1.25700028 6.50799816 0 P 0
L -1.76500028 12.4919994 -1.25700028 13.5079994 0 P 0
L -1.999996 -0.50800254 -1.491996 0.50799746 0 P 0
L -1.999996 1.49199854 -1.491996 2.50799854 0 P 0
L -2.14600028 23.74600026 -1.89200028 23.74600026 0 P 0
L -2.14600028 24.00000026 -1.89200028 23.74600026 0 P 0
L -2.14600028 24.00000026 -1.89200028 24.25400026 0 P 0
L -2.14600028 24.25400026 -1.89200028 24.25400026 0 P 0
L -2.27300028 6.50799816 -1.25700028 6.50799816 0 P 0
L -2.27300028 6.50799816 -1.76500028 5.49199816 0 P 0
L -2.27300028 13.5079994 -1.25700028 13.5079994 0 P 0
L -2.27300028 13.5079994 -1.76500028 12.4919994 0 P 0
L -2.39992408 17.05699916 -1.89192408 18.07299916 0 P 0
L -2.40000028 23.49200026 -2.14600028 23.74600026 0 P 0
L -2.40000028 24.50800026 -2.14600028 24.25400026 0 P 0
L -2.507996 0.50799746 -1.491996 0.50799746 0 P 0
L -2.507996 0.50799746 -1.999996 -0.50800254 0 P 0
L -2.507996 2.50799854 -1.491996 2.50799854 0 P 0
L -2.507996 2.50799854 -1.999996 1.49199854 0 P 0
L -2.65400028 23.74600026 -2.40000028 23.49200026 0 P 0
L -2.65400028 24.25400026 -2.40000028 24.50800026 0 P 0
L -2.90792408 18.07299916 -1.89192408 18.07299916 0 P 0
L -2.90792408 18.07299916 -2.39992408 17.05699916 0 P 0
L -2.90800028 23.74600026 -2.65400028 23.74600026 0 P 0
L -2.90800028 23.74600026 -2.65400028 24.00000026 0 P 0
L -2.90800028 24.25400026 -2.65400028 24.00000026 0 P 0
L -2.90800028 24.25400026 -2.65400028 24.25400026 0 P 0
L -3.03500028 5.49199816 -2.52700028 6.50799816 0 P 0
L -3.03500028 12.4919994 -2.52700028 13.5079994 0 P 0
L -3.54300028 6.50799816 -2.52700028 6.50799816 0 P 0
L -3.54300028 6.50799816 -3.03500028 5.49199816 0 P 0
L -3.54300028 13.5079994 -2.52700028 13.5079994 0 P 0
L -3.54300028 13.5079994 -3.03500028 12.4919994 0 P 0
L -3.99999708 -0.50800254 -3.49199708 0.50799746 0 P 0
L -3.99999708 1.49199854 -3.49199708 2.50799854 0 P 0
L -4.30500028 5.49199816 -3.79700028 6.50799816 0 P 0
L -4.30500028 12.4919994 -3.79700028 13.5079994 0 P 0
L -4.50799708 0.50799746 -3.49199708 0.50799746 0 P 0
L -4.50799708 0.50799746 -3.99999708 -0.50800254 0 P 0
L -4.50799708 2.50799854 -3.49199708 2.50799854 0 P 0
L -4.50799708 2.50799854 -3.99999708 1.49199854 0 P 0
L -4.64600036 23.74600026 -4.39200036 23.74600026 0 P 0
L -4.64600036 24.00000026 -4.39200036 23.74600026 0 P 0
L -4.64600036 24.00000026 -4.39200036 24.25400026 0 P 0
L -4.64600036 24.25400026 -4.39200036 24.25400026 0 P 0
L -4.81300028 6.50799816 -3.79700028 6.50799816 0 P 0
L -4.81300028 6.50799816 -4.30500028 5.49199816 0 P 0
L -4.81300028 13.5079994 -3.79700028 13.5079994 0 P 0
L -4.81300028 13.5079994 -4.30500028 12.4919994 0 P 0
L -4.89992416 17.05699916 -4.39192416 18.07299916 0 P 0
L -4.90000036 23.49200026 -4.64600036 23.74600026 0 P 0
L -4.90000036 24.50800026 -4.64600036 24.25400026 0 P 0
L -5.14999986 -0.508 -4.64199986 0.508 0 P 0
L -5.15400036 23.74600026 -4.90000036 23.49200026 0 P 0
L -5.15400036 24.25400026 -4.90000036 24.50800026 0 P 0
L -5.40792416 18.07299916 -4.39192416 18.07299916 0 P 0
L -5.40792416 18.07299916 -4.89992416 17.05699916 0 P 0
L -5.40800036 23.74600026 -5.15400036 23.74600026 0 P 0
L -5.40800036 23.74600026 -5.15400036 24.00000026 0 P 0
L -5.40800036 24.25400026 -5.15400036 24.00000026 0 P 0
L -5.40800036 24.25400026 -5.15400036 24.25400026 0 P 0
L -5.57500028 5.49199816 -5.06700028 6.50799816 0 P 0
L -5.57500028 12.4919994 -5.06700028 13.5079994 0 P 0
L -5.65799986 0.508 -4.64199986 0.508 0 P 0
L -5.65799986 0.508 -5.14999986 -0.508 0 P 0
L -5.99999816 -0.50800254 -5.49199816 0.50799746 0 P 0
L -5.99999816 1.49199854 -5.49199816 2.50799854 0 P 0
L -6.08300028 6.50799816 -5.06700028 6.50799816 0 P 0
L -6.08300028 6.50799816 -5.57500028 5.49199816 0 P 0
L -6.08300028 13.5079994 -5.06700028 13.5079994 0 P 0
L -6.08300028 13.5079994 -5.57500028 12.4919994 0 P 0
L -6.50799816 0.50799746 -5.49199816 0.50799746 0 P 0
L -6.50799816 0.50799746 -5.99999816 -0.50800254 0 P 0
L -6.50799816 2.50799854 -5.49199816 2.50799854 0 P 0
L -6.50799816 2.50799854 -5.99999816 1.49199854 0 P 0
L -6.84500028 5.49199816 -6.33700028 6.50799816 0 P 0
L -6.84500282 12.4919994 -6.33700282 13.5079994 0 P 0
L -7.14600044 23.74600026 -6.89200044 23.74600026 0 P 0
L -7.14600044 24.00000026 -6.89200044 23.74600026 0 P 0
L -7.14600044 24.00000026 -6.89200044 24.25400026 0 P 0
L -7.14600044 24.25400026 -6.89200044 24.25400026 0 P 0
L -7.35300028 6.50799816 -6.33700028 6.50799816 0 P 0
L -7.35300028 6.50799816 -6.84500028 5.49199816 0 P 0
L -7.35300282 13.5079994 -6.33700282 13.5079994 0 P 0
L -7.35300282 13.5079994 -6.84500282 12.4919994 0 P 0
L -7.40000044 23.49200026 -7.14600044 23.74600026 0 P 0
L -7.40000044 24.50800026 -7.14600044 24.25400026 0 P 0
L -7.65400044 23.74600026 -7.40000044 23.49200026 0 P 0
L -7.65400044 24.25400026 -7.40000044 24.50800026 0 P 0
L -7.74199874 44.2919993 -7.74199874 45.3079993 0 P 0
L -7.90800044 23.74600026 -7.65400044 23.74600026 0 P 0
L -7.90800044 23.74600026 -7.65400044 24.00000026 0 P 0
L -7.90800044 24.25400026 -7.65400044 24.00000026 0 P 0
L -7.90800044 24.25400026 -7.65400044 24.25400026 0 P 0
L -7.99999924 -0.50800254 -7.49199924 0.50799746 0 P 0
L -7.99999924 1.49199854 -7.49199924 2.50799854 0 P 0
L -7.99999924 3.49199962 -7.49199924 4.50799962 0 P 0
L -7.99999924 5.4920007 -7.49199924 6.5080007 0 P 0
L -8.50799924 0.50799746 -7.49199924 0.50799746 0 P 0
L -8.50799924 0.50799746 -7.99999924 -0.50800254 0 P 0
L -8.50799924 2.50799854 -7.49199924 2.50799854 0 P 0
L -8.50799924 2.50799854 -7.99999924 1.49199854 0 P 0
L -8.50799924 4.50799962 -7.49199924 4.50799962 0 P 0
L -8.50799924 4.50799962 -7.99999924 3.49199962 0 P 0
L -8.50799924 6.5080007 -7.49199924 6.5080007 0 P 0
L -8.50799924 6.5080007 -7.99999924 5.4920007 0 P 0
L -8.75799874 44.2919993 -7.74199874 44.2919993 0 P 0
L -8.75799874 44.2919993 -8.75799874 45.3079993 0 P 0
L -8.75799874 45.3079993 -7.74199874 45.3079993 0 P 0
L -10.00000032 1.49199854 -9.49200032 2.50799854 0 P 0
L -10.00000032 3.49199962 -9.49200032 4.50799962 0 P 0
L -10.00000032 5.4920007 -9.49200032 6.5080007 0 P 0
L -10.50800032 2.50799854 -9.49200032 2.50799854 0 P 0
L -10.50800032 2.50799854 -10.00000032 1.49199854 0 P 0
L -10.50800032 4.50799962 -9.49200032 4.50799962 0 P 0
L -10.50800032 4.50799962 -10.00000032 3.49199962 0 P 0
L -10.50800032 6.5080007 -9.49200032 6.5080007 0 P 0
L -10.50800032 6.5080007 -10.00000032 5.4920007 0 P 0
L 0.00000508 1.49199854 0.50800508 2.50799854 0 P 0
L 0.0999998 23.49200026 0.3539998 23.74600026 0 P 0
L 0.0999998 24.50800026 0.3539998 24.25400026 0 P 0
L 0.100076 17.05699916 0.608076 18.07299916 0 P 0
L 0.26699972 6.50799816 0.77499972 5.49199816 0 P 0
L 0.26699972 6.50799816 1.28299972 6.50799816 0 P 0
L 0.26699972 13.5079994 0.77499972 12.4919994 0 P 0
L 0.26699972 13.5079994 1.28299972 13.5079994 0 P 0
L 0.3539998 23.74600026 0.6079998 23.74600026 0 P 0
L 0.3539998 24.00000026 0.6079998 23.74600026 0 P 0
L 0.3539998 24.00000026 0.6079998 24.25400026 0 P 0
L 0.3539998 24.25400026 0.6079998 24.25400026 0 P 0
L 0.77499972 5.49199816 1.28299972 6.50799816 0 P 0
L 0.77499972 12.4919994 1.28299972 13.5079994 0 P 0
L 1.49200616 0.50799746 2.00000616 -0.50800254 0 P 0
L 1.49200616 0.50799746 2.50800616 0.50799746 0 P 0
L 1.49200616 2.50799854 2.00000616 1.49199854 0 P 0
L 1.49200616 2.50799854 2.50800616 2.50799854 0 P 0
L 1.53699972 6.50799816 2.04499972 5.49199816 0 P 0
L 1.53699972 6.50799816 2.55299972 6.50799816 0 P 0
L 1.53699972 13.5079994 2.04499972 12.4919994 0 P 0
L 1.53699972 13.5079994 2.55299972 13.5079994 0 P 0
L 2.00000616 -0.50800254 2.50800616 0.50799746 0 P 0
L 2.00000616 1.49199854 2.50800616 2.50799854 0 P 0
L 2.04499972 5.49199816 2.55299972 6.50799816 0 P 0
L 2.04499972 12.4919994 2.55299972 13.5079994 0 P 0
L 2.09199988 23.74600026 2.34599988 23.74600026 0 P 0
L 2.09199988 23.74600026 2.34599988 24.00000026 0 P 0
L 2.09199988 24.25400026 2.34599988 24.00000026 0 P 0
L 2.09199988 24.25400026 2.34599988 24.25400026 0 P 0
L 2.09207608 18.07299916 2.60007608 17.05699916 0 P 0
L 2.09207608 18.07299916 3.10807608 18.07299916 0 P 0
L 2.34599988 23.74600026 2.59999988 23.49200026 0 P 0
L 2.34599988 24.25400026 2.59999988 24.50800026 0 P 0
L 2.59999988 23.49200026 2.85399988 23.74600026 0 P 0
L 2.59999988 24.50800026 2.85399988 24.25400026 0 P 0
L 2.60007608 17.05699916 3.10807608 18.07299916 0 P 0
L 2.85399988 23.74600026 3.10799988 23.74600026 0 P 0
L 2.85399988 24.00000026 3.10799988 23.74600026 0 P 0
L 2.85399988 24.00000026 3.10799988 24.25400026 0 P 0
L 2.85399988 24.25400026 3.10799988 24.25400026 0 P 0
L 3.49200724 0.50799746 4.00000724 -0.50800254 0 P 0
L 3.49200724 0.50799746 4.50800724 0.50799746 0 P 0
L 3.49200724 2.50799854 4.00000724 1.49199854 0 P 0
L 3.49200724 2.50799854 4.50800724 2.50799854 0 P 0
L 3.49200724 6.5080007 4.00000724 5.4920007 0 P 0
L 3.49200724 6.5080007 4.50800724 6.5080007 0 P 0
L 4.00000724 -0.50800254 4.50800724 0.50799746 0 P 0
L 4.00000724 1.49199854 4.50800724 2.50799854 0 P 0
L 4.00000724 5.4920007 4.50800724 6.5080007 0 P 0
L 4.59199996 23.74600026 4.84599996 23.74600026 0 P 0
L 4.59199996 23.74600026 4.84599996 24.00000026 0 P 0
L 4.59199996 24.25400026 4.84599996 24.00000026 0 P 0
L 4.59199996 24.25400026 4.84599996 24.25400026 0 P 0
L 4.59207616 18.07299916 5.10007616 17.05699916 0 P 0
L 4.59207616 18.07299916 5.60807616 18.07299916 0 P 0
L 4.74199966 0.508 5.24999966 -0.508 0 P 0
L 4.74199966 0.508 5.75799966 0.508 0 P 0
L 4.84599996 23.74600026 5.09999996 23.49200026 0 P 0
L 4.84599996 24.25400026 5.09999996 24.50800026 0 P 0
L 5.09999996 23.49200026 5.35399996 23.74600026 0 P 0
L 5.09999996 24.50800026 5.35399996 24.25400026 0 P 0
L 5.10007616 17.05699916 5.60807616 18.07299916 0 P 0
L 5.14700012 6.50799816 5.65500012 5.49199816 0 P 0
L 5.14700012 6.50799816 6.16300012 6.50799816 0 P 0
L 5.14700012 13.5079994 5.65500012 12.4919994 0 P 0
L 5.14700012 13.5079994 6.16300012 13.5079994 0 P 0
L 5.24999966 -0.508 5.75799966 0.508 0 P 0
L 5.35399996 23.74600026 5.60799996 23.74600026 0 P 0
L 5.35399996 24.00000026 5.60799996 23.74600026 0 P 0
L 5.35399996 24.00000026 5.60799996 24.25400026 0 P 0
L 5.35399996 24.25400026 5.60799996 24.25400026 0 P 0
L 5.54199806 0.508 6.04999806 -0.508 0 P 0
L 5.54199806 0.508 6.55799806 0.508 0 P 0
L 5.65500012 5.49199816 6.16300012 6.50799816 0 P 0
L 5.65500012 12.4919994 6.16300012 13.5079994 0 P 0
L 6.04999806 -0.508 6.55799806 0.508 0 P 0
L 6.341999 0.508 6.849999 -0.508 0 P 0
L 6.341999 0.508 7.357999 0.508 0 P 0
L 6.41700012 6.50799816 6.92500012 5.49199816 0 P 0
L 6.41700012 6.50799816 7.43300012 6.50799816 0 P 0
L 6.41700012 13.5079994 6.92500012 12.4919994 0 P 0
L 6.41700012 13.5079994 7.43300012 13.5079994 0 P 0
L 6.849999 -0.508 7.357999 0.508 0 P 0
L 6.92500012 5.49199816 7.43300012 6.50799816 0 P 0
L 6.92500012 12.4919994 7.43300012 13.5079994 0 P 0
L 7.09200004 23.74600026 7.34600004 23.74600026 0 P 0
L 7.09200004 23.74600026 7.34600004 24.00000026 0 P 0
L 7.09200004 24.25400026 7.34600004 24.00000026 0 P 0
L 7.09200004 24.25400026 7.34600004 24.25400026 0 P 0
L 7.09207624 18.07299916 7.60007624 17.05699916 0 P 0
L 7.09207624 18.07299916 8.10807624 18.07299916 0 P 0
L 7.14199994 0.508 7.64999994 -0.508 0 P 0
L 7.14199994 0.508 8.15799994 0.508 0 P 0
L 7.34600004 23.74600026 7.60000004 23.49200026 0 P 0
L 7.34600004 24.25400026 7.60000004 24.50800026 0 P 0
L 7.60000004 23.49200026 7.85400004 23.74600026 0 P 0
L 7.60000004 24.50800026 7.85400004 24.25400026 0 P 0
L 7.60007624 17.05699916 8.10807624 18.07299916 0 P 0
L 7.64999994 -0.508 8.15799994 0.508 0 P 0
L 7.68700012 6.50799816 8.19500012 5.49199816 0 P 0
L 7.68700012 6.50799816 8.70300012 6.50799816 0 P 0
L 7.68700012 13.5079994 8.19500012 12.4919994 0 P 0
L 7.68700012 13.5079994 8.70300012 13.5079994 0 P 0
L 7.85400004 23.74600026 8.10800004 23.74600026 0 P 0
L 7.85400004 24.00000026 8.10800004 23.74600026 0 P 0
L 7.85400004 24.00000026 8.10800004 24.25400026 0 P 0
L 7.85400004 24.25400026 8.10800004 24.25400026 0 P 0
L 7.94199834 0.508 8.44999834 -0.508 0 P 0
L 7.94199834 0.508 8.95799834 0.508 0 P 0
L 8.19500012 5.49199816 8.70300012 6.50799816 0 P 0
L 8.19500012 12.4919994 8.70300012 13.5079994 0 P 0
L 8.44999834 -0.508 8.95799834 0.508 0 P 0
L 8.74199674 0.508 9.24999674 -0.508 0 P 0
L 8.74199674 0.508 9.75799674 0.508 0 P 0
L 8.95700012 6.50799816 9.46500012 5.49199816 0 P 0
L 8.95700012 6.50799816 9.97300012 6.50799816 0 P 0
L 8.95700012 13.5079994 9.46500012 12.4919994 0 P 0
L 8.95700012 13.5079994 9.97300012 13.5079994 0 P 0
L 9.24999674 -0.508 9.75799674 0.508 0 P 0
L 9.46500012 5.49199816 9.97300012 6.50799816 0 P 0
L 9.46500012 12.4919994 9.97300012 13.5079994 0 P 0
L 9.54200022 0.508 10.05000022 -0.508 0 P 0
L 9.54200022 0.508 10.55800022 0.508 0 P 0
L 9.59200012 23.74600026 9.84600012 23.74600026 0 P 0
L 9.59200012 23.74600026 9.84600012 24.00000026 0 P 0
L 9.59200012 24.25400026 9.84600012 24.00000026 0 P 0
L 9.59200012 24.25400026 9.84600012 24.25400026 0 P 0
L 9.59207632 18.07299916 10.10007632 17.05699916 0 P 0
L 9.59207632 18.07299916 10.60807632 18.07299916 0 P 0
L 9.84600012 23.74600026 10.10000012 23.49200026 0 P 0
L 9.84600012 24.25400026 10.10000012 24.50800026 0 P 0
L 10.05000022 -0.508 10.55800022 0.508 0 P 0
L 10.10000012 23.49200026 10.35400012 23.74600026 0 P 0
L 10.10000012 24.50800026 10.35400012 24.25400026 0 P 0
L 10.10007632 17.05699916 10.60807632 18.07299916 0 P 0
L 10.22700012 6.50799816 10.73500012 5.49199816 0 P 0
L 10.22700012 6.50799816 11.24300012 6.50799816 0 P 0
L 10.22700012 13.5079994 10.73500012 12.4919994 0 P 0
L 10.22700012 13.5079994 11.24300012 13.5079994 0 P 0
L 10.34199862 0.508 10.84999862 -0.508 0 P 0
L 10.34199862 0.508 11.35799862 0.508 0 P 0
L 10.35400012 23.74600026 10.60800012 23.74600026 0 P 0
L 10.35400012 24.00000026 10.60800012 23.74600026 0 P 0
L 10.35400012 24.00000026 10.60800012 24.25400026 0 P 0
L 10.35400012 24.25400026 10.60800012 24.25400026 0 P 0
L 10.73500012 5.49199816 11.24300012 6.50799816 0 P 0
L 10.73500012 12.4919994 11.24300012 13.5079994 0 P 0
L 10.84999862 -0.508 11.35799862 0.508 0 P 0
L 11.49700012 6.50799816 12.00500012 5.49199816 0 P 0
L 11.49700012 6.50799816 12.51300012 6.50799816 0 P 0
L 11.49700012 13.5079994 12.00500012 12.4919994 0 P 0
L 11.49700012 13.5079994 12.51300012 13.5079994 0 P 0
L 12.00500012 5.49199816 12.51300012 6.50799816 0 P 0
L 12.00500012 12.4919994 12.51300012 13.5079994 0 P 0
L 12.0920002 23.74600026 12.3460002 23.74600026 0 P 0
L 12.0920002 23.74600026 12.3460002 24.00000026 0 P 0
L 12.0920002 24.25400026 12.3460002 24.00000026 0 P 0
L 12.0920002 24.25400026 12.3460002 24.25400026 0 P 0
L 12.0920764 18.07299916 12.6000764 17.05699916 0 P 0
L 12.0920764 18.07299916 13.1080764 18.07299916 0 P 0
L 12.3460002 23.74600026 12.6000002 23.49200026 0 P 0
L 12.3460002 24.25400026 12.6000002 24.50800026 0 P 0
L 12.6000002 23.49200026 12.8540002 23.74600026 0 P 0
L 12.6000002 24.50800026 12.8540002 24.25400026 0 P 0
L 12.6000764 17.05699916 13.1080764 18.07299916 0 P 0
L 12.76700012 6.50799816 13.27500012 5.49199816 0 P 0
L 12.76700012 6.50799816 13.78300012 6.50799816 0 P 0
L 12.76700012 13.5079994 13.27500012 12.4919994 0 P 0
L 12.76700012 13.5079994 13.78300012 13.5079994 0 P 0
L 12.8540002 23.74600026 13.1080002 23.74600026 0 P 0
L 12.8540002 24.00000026 13.1080002 23.74600026 0 P 0
L 12.8540002 24.00000026 13.1080002 24.25400026 0 P 0
L 12.8540002 24.25400026 13.1080002 24.25400026 0 P 0
L 13.27500012 5.49199816 13.78300012 6.50799816 0 P 0
L 13.27500012 12.4919994 13.78300012 13.5079994 0 P 0
L 13.49201264 0.50799746 14.00001264 -0.50800254 0 P 0
L 13.49201264 0.50799746 14.50801264 0.50799746 0 P 0
L 13.49201264 2.50799854 14.00001264 1.49199854 0 P 0
L 13.49201264 2.50799854 14.50801264 2.50799854 0 P 0
L 14.00001264 -0.50800254 14.50801264 0.50799746 0 P 0
L 14.00001264 1.49199854 14.50801264 2.50799854 0 P 0
L 14.03700012 6.50799816 14.54500012 5.49199816 0 P 0
L 14.03700012 6.50799816 15.05300012 6.50799816 0 P 0
L 14.03700012 13.5079994 14.54500012 12.4919994 0 P 0
L 14.03700012 13.5079994 15.05300012 13.5079994 0 P 0
L 14.54500012 5.49199816 15.05300012 6.50799816 0 P 0
L 14.54500012 12.4919994 15.05300012 13.5079994 0 P 0
L 14.59200028 23.74600026 14.84600028 23.74600026 0 P 0
L 14.59200028 23.74600026 14.84600028 24.00000026 0 P 0
L 14.59200028 24.25400026 14.84600028 24.00000026 0 P 0
L 14.59200028 24.25400026 14.84600028 24.25400026 0 P 0
L 14.84600028 23.74600026 15.10000028 23.49200026 0 P 0
L 14.84600028 24.25400026 15.10000028 24.50800026 0 P 0
L 15.10000028 23.49200026 15.35400028 23.74600026 0 P 0
L 15.10000028 24.50800026 15.35400028 24.25400026 0 P 0
L 15.35400028 23.74600026 15.60800028 23.74600026 0 P 0
L 15.35400028 24.00000026 15.60800028 23.74600026 0 P 0
L 15.35400028 24.00000026 15.60800028 24.25400026 0 P 0
L 15.35400028 24.25400026 15.60800028 24.25400026 0 P 0
L 15.44200112 44.2919993 15.44200112 45.3079993 0 P 0
L 15.44200112 44.2919993 16.45800112 44.2919993 0 P 0
L 15.44200112 45.3079993 16.45800112 45.3079993 0 P 0
L 15.49201372 0.50799746 16.00001372 -0.50800254 0 P 0
L 15.49201372 0.50799746 16.50801372 0.50799746 0 P 0
L 15.49201372 2.50799854 16.00001372 1.49199854 0 P 0
L 15.49201372 2.50799854 16.50801372 2.50799854 0 P 0
L 15.49201372 4.50799962 16.00001372 3.49199962 0 P 0
L 15.49201372 4.50799962 16.50801372 4.50799962 0 P 0
L 15.49201372 6.5080007 16.00001372 5.4920007 0 P 0
L 15.49201372 6.5080007 16.50801372 6.5080007 0 P 0
L 16.00001372 -0.50800254 16.50801372 0.50799746 0 P 0
L 16.00001372 1.49199854 16.50801372 2.50799854 0 P 0
L 16.00001372 3.49199962 16.50801372 4.50799962 0 P 0
L 16.00001372 5.4920007 16.50801372 6.5080007 0 P 0
L 16.45800112 44.2919993 16.45800112 45.3079993 0 P 0
L 17.4920148 2.50799854 18.0000148 1.49199854 0 P 0
L 17.4920148 2.50799854 18.5080148 2.50799854 0 P 0
L 17.4920148 4.50799962 18.0000148 3.49199962 0 P 0
L 17.4920148 4.50799962 18.5080148 4.50799962 0 P 0
L 17.4920148 6.5080007 18.0000148 5.4920007 0 P 0
L 17.4920148 6.5080007 18.5080148 6.5080007 0 P 0
L 18.0000148 1.49199854 18.5080148 2.50799854 0 P 0
L 18.0000148 3.49199962 18.5080148 4.50799962 0 P 0
L 18.0000148 5.4920007 18.5080148 6.5080007 0 P 0
