UNITS=MM
#Layer_Color=9474304
#
#Feature symbol names
#
$0 r127

#
#Feature attribute names
#

#
#Layer features
#
L -0.09999472 1.99999854 0.10000488 1.99999854 0 P 0
L -0.3999992 24.00000026 0.5999988 24.00000026 0 P 0
L -0.49500028 5.89999836 -0.49500028 6.09999796 0 P 0
L -0.49500028 12.8999996 -0.49500028 13.0999992 0 P 0
L -0.59500008 5.99999816 -0.39500048 5.99999816 0 P 0
L -0.59500008 12.9999994 -0.39500048 12.9999994 0 P 0
L -1.76500028 5.89999836 -1.76500028 6.09999796 0 P 0
L -1.76500028 12.8999996 -1.76500028 13.0999992 0 P 0
L -1.86500008 5.99999816 -1.66500048 5.99999816 0 P 0
L -1.86500008 12.9999994 -1.66500048 12.9999994 0 P 0
L -1.999996 -0.10000234 -1.999996 0.09999726 0 P 0
L -1.999996 1.89999874 -1.999996 2.09999834 0 P 0
L -2.0999958 -0.00000254 -1.8999962 -0.00000254 0 P 0
L -2.0999958 1.99999854 -1.8999962 1.99999854 0 P 0
L -2.39992408 17.46499936 -2.39992408 17.66499896 0 P 0
L -2.40000028 23.50000126 -2.40000028 24.49999926 0 P 0
L -2.49992388 17.56499916 -2.29992428 17.56499916 0 P 0
L -2.89999928 24.00000026 -1.90000128 24.00000026 0 P 0
L -3.03500028 5.89999836 -3.03500028 6.09999796 0 P 0
L -3.03500028 12.8999996 -3.03500028 13.0999992 0 P 0
L -3.13500008 5.99999816 -2.93500048 5.99999816 0 P 0
L -3.13500008 12.9999994 -2.93500048 12.9999994 0 P 0
L -3.99999708 -0.10000234 -3.99999708 0.09999726 0 P 0
L -3.99999708 1.89999874 -3.99999708 2.09999834 0 P 0
L -4.09999688 -0.00000254 -3.89999728 -0.00000254 0 P 0
L -4.09999688 1.99999854 -3.89999728 1.99999854 0 P 0
L -4.30500028 5.89999836 -4.30500028 6.09999796 0 P 0
L -4.30500028 12.8999996 -4.30500028 13.0999992 0 P 0
L -4.40500008 5.99999816 -4.20500048 5.99999816 0 P 0
L -4.40500008 12.9999994 -4.20500048 12.9999994 0 P 0
L -4.89992416 17.46499936 -4.89992416 17.66499896 0 P 0
L -4.90000036 23.50000126 -4.90000036 24.49999926 0 P 0
L -4.99992396 17.56499916 -4.79992436 17.56499916 0 P 0
L -5.14999986 -0.0999998 -5.14999986 0.0999998 0 P 0
L -5.24999966 0 -5.05000006 0 0 P 0
L -5.39999936 24.00000026 -4.40000136 24.00000026 0 P 0
L -5.57500028 5.89999836 -5.57500028 6.09999796 0 P 0
L -5.57500028 12.8999996 -5.57500028 13.0999992 0 P 0
L -5.67500008 5.99999816 -5.47500048 5.99999816 0 P 0
L -5.67500008 12.9999994 -5.47500048 12.9999994 0 P 0
L -5.99999816 -0.10000234 -5.99999816 0.09999726 0 P 0
L -5.99999816 1.89999874 -5.99999816 2.09999834 0 P 0
L -6.09999796 -0.00000254 -5.89999836 -0.00000254 0 P 0
L -6.09999796 1.99999854 -5.89999836 1.99999854 0 P 0
L -6.84500028 5.89999836 -6.84500028 6.09999796 0 P 0
L -6.84500282 12.8999996 -6.84500282 13.0999992 0 P 0
L -6.94500008 5.99999816 -6.74500048 5.99999816 0 P 0
L -6.94500262 12.9999994 -6.74500302 12.9999994 0 P 0
L -7.40000044 23.50000126 -7.40000044 24.49999926 0 P 0
L -7.89999944 24.00000026 -6.90000144 24.00000026 0 P 0
L -7.99999924 -0.10000234 -7.99999924 0.09999726 0 P 0
L -7.99999924 1.89999874 -7.99999924 2.09999834 0 P 0
L -7.99999924 3.89999982 -7.99999924 4.09999942 0 P 0
L -7.99999924 5.9000009 -7.99999924 6.1000005 0 P 0
L -8.09999904 -0.00000254 -7.89999944 -0.00000254 0 P 0
L -8.09999904 1.99999854 -7.89999944 1.99999854 0 P 0
L -8.09999904 3.99999962 -7.89999944 3.99999962 0 P 0
L -8.09999904 6.0000007 -7.89999944 6.0000007 0 P 0
L -8.24999874 43.49999936 -8.24999874 46.09999924 0 P 0
L -9.54999868 44.7999993 -6.9499988 44.7999993 0 P 0
L -10.00000032 1.89999874 -10.00000032 2.09999834 0 P 0
L -10.00000032 3.89999982 -10.00000032 4.09999942 0 P 0
L -10.00000032 5.9000009 -10.00000032 6.1000005 0 P 0
L -10.10000012 1.99999854 -9.90000052 1.99999854 0 P 0
L -10.10000012 3.99999962 -9.90000052 3.99999962 0 P 0
L -10.10000012 6.0000007 -9.90000052 6.0000007 0 P 0
L 0.00000508 1.89999874 0.00000508 2.09999834 0 P 0
L 0.0000762 17.56499916 0.2000758 17.56499916 0 P 0
L 0.0999998 23.50000126 0.0999998 24.49999926 0 P 0
L 0.100076 17.46499936 0.100076 17.66499896 0 P 0
L 0.67499992 5.99999816 0.87499952 5.99999816 0 P 0
L 0.67499992 12.9999994 0.87499952 12.9999994 0 P 0
L 0.77499972 5.89999836 0.77499972 6.09999796 0 P 0
L 0.77499972 12.8999996 0.77499972 13.0999992 0 P 0
L 1.90000636 -0.00000254 2.10000596 -0.00000254 0 P 0
L 1.90000636 1.99999854 2.10000596 1.99999854 0 P 0
L 1.94499992 5.99999816 2.14499952 5.99999816 0 P 0
L 1.94499992 12.9999994 2.14499952 12.9999994 0 P 0
L 2.00000616 -0.10000234 2.00000616 0.09999726 0 P 0
L 2.00000616 1.89999874 2.00000616 2.09999834 0 P 0
L 2.04499972 5.89999836 2.04499972 6.09999796 0 P 0
L 2.04499972 12.8999996 2.04499972 13.0999992 0 P 0
L 2.10000088 24.00000026 3.09999888 24.00000026 0 P 0
L 2.50007628 17.56499916 2.70007588 17.56499916 0 P 0
L 2.59999988 23.50000126 2.59999988 24.49999926 0 P 0
L 2.60007608 17.46499936 2.60007608 17.66499896 0 P 0
L 3.90000744 -0.00000254 4.10000704 -0.00000254 0 P 0
L 3.90000744 1.99999854 4.10000704 1.99999854 0 P 0
L 3.90000744 6.0000007 4.10000704 6.0000007 0 P 0
L 4.00000724 -0.10000234 4.00000724 0.09999726 0 P 0
L 4.00000724 1.89999874 4.00000724 2.09999834 0 P 0
L 4.00000724 5.9000009 4.00000724 6.1000005 0 P 0
L 4.60000096 24.00000026 5.59999896 24.00000026 0 P 0
L 5.00007636 17.56499916 5.20007596 17.56499916 0 P 0
L 5.09999996 23.50000126 5.09999996 24.49999926 0 P 0
L 5.10007616 17.46499936 5.10007616 17.66499896 0 P 0
L 5.14999986 0 5.34999946 0 0 P 0
L 5.24999966 -0.0999998 5.24999966 0.0999998 0 P 0
L 5.55500032 5.99999816 5.75499992 5.99999816 0 P 0
L 5.55500032 12.9999994 5.75499992 12.9999994 0 P 0
L 5.65500012 5.89999836 5.65500012 6.09999796 0 P 0
L 5.65500012 12.8999996 5.65500012 13.0999992 0 P 0
L 5.94999826 0 6.14999786 0 0 P 0
L 6.04999806 -0.0999998 6.04999806 0.0999998 0 P 0
L 6.7499992 0 6.9499988 0 0 P 0
L 6.82500032 5.99999816 7.02499992 5.99999816 0 P 0
L 6.82500032 12.9999994 7.02499992 12.9999994 0 P 0
L 6.849999 -0.0999998 6.849999 0.0999998 0 P 0
L 6.92500012 5.89999836 6.92500012 6.09999796 0 P 0
L 6.92500012 12.8999996 6.92500012 13.0999992 0 P 0
L 7.10000104 24.00000026 8.09999904 24.00000026 0 P 0
L 7.50007644 17.56499916 7.70007604 17.56499916 0 P 0
L 7.55000014 0 7.74999974 0 0 P 0
L 7.60000004 23.50000126 7.60000004 24.49999926 0 P 0
L 7.60007624 17.46499936 7.60007624 17.66499896 0 P 0
L 7.64999994 -0.0999998 7.64999994 0.0999998 0 P 0
L 8.09500032 5.99999816 8.29499992 5.99999816 0 P 0
L 8.09500032 12.9999994 8.29499992 12.9999994 0 P 0
L 8.19500012 5.89999836 8.19500012 6.09999796 0 P 0
L 8.19500012 12.8999996 8.19500012 13.0999992 0 P 0
L 8.34999854 0 8.54999814 0 0 P 0
L 8.44999834 -0.0999998 8.44999834 0.0999998 0 P 0
L 9.14999694 0 9.34999654 0 0 P 0
L 9.24999674 -0.0999998 9.24999674 0.0999998 0 P 0
L 9.36500032 5.99999816 9.56499992 5.99999816 0 P 0
L 9.36500032 12.9999994 9.56499992 12.9999994 0 P 0
L 9.46500012 5.89999836 9.46500012 6.09999796 0 P 0
L 9.46500012 12.8999996 9.46500012 13.0999992 0 P 0
L 9.60000112 24.00000026 10.59999912 24.00000026 0 P 0
L 9.95000042 0 10.15000002 0 0 P 0
L 10.00007652 17.56499916 10.20007612 17.56499916 0 P 0
L 10.05000022 -0.0999998 10.05000022 0.0999998 0 P 0
L 10.10000012 23.50000126 10.10000012 24.49999926 0 P 0
L 10.10007632 17.46499936 10.10007632 17.66499896 0 P 0
L 10.63500032 5.99999816 10.83499992 5.99999816 0 P 0
L 10.63500032 12.9999994 10.83499992 12.9999994 0 P 0
L 10.73500012 5.89999836 10.73500012 6.09999796 0 P 0
L 10.73500012 12.8999996 10.73500012 13.0999992 0 P 0
L 10.74999882 0 10.94999842 0 0 P 0
L 10.84999862 -0.0999998 10.84999862 0.0999998 0 P 0
L 11.90500032 5.99999816 12.10499992 5.99999816 0 P 0
L 11.90500032 12.9999994 12.10499992 12.9999994 0 P 0
L 12.00500012 5.89999836 12.00500012 6.09999796 0 P 0
L 12.00500012 12.8999996 12.00500012 13.0999992 0 P 0
L 12.1000012 24.00000026 13.0999992 24.00000026 0 P 0
L 12.5000766 17.56499916 12.7000762 17.56499916 0 P 0
L 12.6000002 23.50000126 12.6000002 24.49999926 0 P 0
L 12.6000764 17.46499936 12.6000764 17.66499896 0 P 0
L 13.17500032 5.99999816 13.37499992 5.99999816 0 P 0
L 13.17500032 12.9999994 13.37499992 12.9999994 0 P 0
L 13.27500012 5.89999836 13.27500012 6.09999796 0 P 0
L 13.27500012 12.8999996 13.27500012 13.0999992 0 P 0
L 13.90001284 -0.00000254 14.10001244 -0.00000254 0 P 0
L 13.90001284 1.99999854 14.10001244 1.99999854 0 P 0
L 14.00001264 -0.10000234 14.00001264 0.09999726 0 P 0
L 14.00001264 1.89999874 14.00001264 2.09999834 0 P 0
L 14.44500032 5.99999816 14.64499992 5.99999816 0 P 0
L 14.44500032 12.9999994 14.64499992 12.9999994 0 P 0
L 14.54500012 5.89999836 14.54500012 6.09999796 0 P 0
L 14.54500012 12.8999996 14.54500012 13.0999992 0 P 0
L 14.60000128 24.00000026 15.59999928 24.00000026 0 P 0
L 14.65000118 44.7999993 17.25000106 44.7999993 0 P 0
L 15.10000028 23.50000126 15.10000028 24.49999926 0 P 0
L 15.90001392 -0.00000254 16.10001352 -0.00000254 0 P 0
L 15.90001392 1.99999854 16.10001352 1.99999854 0 P 0
L 15.90001392 3.99999962 16.10001352 3.99999962 0 P 0
L 15.90001392 6.0000007 16.10001352 6.0000007 0 P 0
L 15.95000112 43.49999936 15.95000112 46.09999924 0 P 0
L 16.00001372 -0.10000234 16.00001372 0.09999726 0 P 0
L 16.00001372 1.89999874 16.00001372 2.09999834 0 P 0
L 16.00001372 3.89999982 16.00001372 4.09999942 0 P 0
L 16.00001372 5.9000009 16.00001372 6.1000005 0 P 0
L 17.900015 1.99999854 18.1000146 1.99999854 0 P 0
L 17.900015 3.99999962 18.1000146 3.99999962 0 P 0
L 17.900015 6.0000007 18.1000146 6.0000007 0 P 0
L 18.0000148 1.89999874 18.0000148 2.09999834 0 P 0
L 18.0000148 3.89999982 18.0000148 4.09999942 0 P 0
L 18.0000148 5.9000009 18.0000148 6.1000005 0 P 0
