UNITS=MM
#Layer_Color=32768
#
#Feature symbol names
#
$0 r9.99998
$1 r19.99996

#
#Feature attribute names
#

#
#Layer features
#
L -0.11999976 2.74999704 -0.11999976 4.24999912 1 P 0
L -0.69992494 18.09999936 -0.69992494 20.89999884 0 P 0
L -0.69992494 18.09999936 0.90007694 18.09999936 0 P 0
L -0.69992494 20.89999884 0.90007694 20.89999884 0 P 0
L -0.8700008 2.74999704 -0.11999976 2.74999704 1 P 0
L -0.8700008 2.74999704 -0.8700008 4.24999912 1 P 0
L -0.8700008 4.24999912 -0.11999976 4.24999912 1 P 0
L -1.38999976 2.74999704 -1.38999976 4.24999912 0 P 0
L -1.59992314 18.09999936 -1.59992314 20.89999884 0 P 0
L -2.1400008 2.74999704 -1.38999976 2.74999704 0 P 0
L -2.1400008 2.74999704 -2.1400008 4.24999912 0 P 0
L -2.1400008 4.24999912 -1.38999976 4.24999912 0 P 0
L -2.65999976 2.74999704 -2.65999976 4.24999912 1 P 0
L -3.19992502 18.09999936 -1.59992314 18.09999936 0 P 0
L -3.19992502 18.09999936 -3.19992502 20.89999884 0 P 0
L -3.19992502 20.89999884 -1.59992314 20.89999884 0 P 0
L -3.4100008 2.74999704 -2.65999976 2.74999704 1 P 0
L -3.4100008 2.74999704 -3.4100008 4.24999912 1 P 0
L -3.4100008 4.24999912 -2.65999976 4.24999912 1 P 0
L -3.92999976 2.74999704 -3.92999976 4.24999912 0 P 0
L -4.09992322 18.09999936 -4.09992322 20.89999884 0 P 0
L -4.6800008 2.74999704 -3.92999976 2.74999704 0 P 0
L -4.6800008 2.74999704 -4.6800008 4.24999912 0 P 0
L -4.6800008 4.24999912 -3.92999976 4.24999912 0 P 0
L -5.19999976 2.74999704 -5.19999976 4.24999912 1 P 0
L -5.6999251 18.09999936 -4.09992322 18.09999936 0 P 0
L -5.6999251 18.09999936 -5.6999251 20.89999884 0 P 0
L -5.6999251 20.89999884 -4.09992322 20.89999884 0 P 0
L -5.9500008 2.74999704 -5.19999976 2.74999704 1 P 0
L -5.9500008 2.74999704 -5.9500008 4.24999912 1 P 0
L -5.9500008 4.24999912 -5.19999976 4.24999912 1 P 0
L -6.46999976 2.74999704 -6.46999976 4.24999912 0 P 0
L -7.2200008 2.74999704 -6.46999976 2.74999704 0 P 0
L -7.2200008 2.74999704 -7.2200008 4.24999912 0 P 0
L -7.2200008 4.24999912 -6.46999976 4.24999912 0 P 0
L -7.89999944 4.49999862 -7.89999944 12.49999786 0 P 0
L -7.89999944 4.49999862 3.09999888 4.49999862 0 P 0
L -7.89999944 12.49999786 3.09999888 12.49999786 0 P 0
L 0.3999992 2.74999704 0.3999992 4.24999912 0 P 0
L 0.3999992 2.74999704 1.15000024 2.74999704 0 P 0
L 0.3999992 4.24999912 1.15000024 4.24999912 0 P 0
L 0.90007694 18.09999936 0.90007694 20.89999884 0 P 0
L 1.15000024 2.74999704 1.15000024 4.24999912 0 P 0
L 1.6699992 2.74999704 1.6699992 4.24999912 1 P 0
L 1.6699992 2.74999704 2.42000024 2.74999704 1 P 0
L 1.6699992 4.24999912 2.42000024 4.24999912 1 P 0
L 1.80007514 18.09999936 1.80007514 20.89999884 0 P 0
L 1.80007514 18.09999936 3.40007702 18.09999936 0 P 0
L 1.80007514 20.89999884 3.40007702 20.89999884 0 P 0
L 2.42000024 2.74999704 2.42000024 4.24999912 1 P 0
L 3.09999888 4.49999862 3.09999888 12.49999786 0 P 0
L 3.40007702 18.09999936 3.40007702 20.89999884 0 P 0
L 4.30007522 18.09999936 4.30007522 20.89999884 0 P 0
L 4.30007522 18.09999936 5.9000771 18.09999936 0 P 0
L 4.30007522 20.89999884 5.9000771 20.89999884 0 P 0
L 4.60000096 4.49999862 4.60000096 12.49999786 0 P 0
L 4.60000096 4.49999862 15.59999928 4.49999862 0 P 0
L 4.60000096 12.49999786 15.59999928 12.49999786 0 P 0
L 5.2799996 2.74999704 5.2799996 4.24999912 0 P 0
L 5.2799996 2.74999704 6.03000064 2.74999704 0 P 0
L 5.2799996 4.24999912 6.03000064 4.24999912 0 P 0
L 5.9000771 18.09999936 5.9000771 20.89999884 0 P 0
L 6.03000064 2.74999704 6.03000064 4.24999912 0 P 0
L 6.5499996 2.74999704 6.5499996 4.24999912 1 P 0
L 6.5499996 2.74999704 7.30000064 2.74999704 1 P 0
L 6.5499996 4.24999912 7.30000064 4.24999912 1 P 0
L 6.8000753 18.09999936 6.8000753 20.89999884 0 P 0
L 6.8000753 18.09999936 8.40007718 18.09999936 0 P 0
L 6.8000753 20.89999884 8.40007718 20.89999884 0 P 0
L 7.30000064 2.74999704 7.30000064 4.24999912 1 P 0
L 7.8199996 2.74999704 7.8199996 4.24999912 0 P 0
L 7.8199996 2.74999704 8.57000064 2.74999704 0 P 0
L 7.8199996 4.24999912 8.57000064 4.24999912 0 P 0
L 8.40007718 18.09999936 8.40007718 20.89999884 0 P 0
L 8.57000064 2.74999704 8.57000064 4.24999912 0 P 0
L 9.0899996 2.74999704 9.0899996 4.24999912 1 P 0
L 9.0899996 2.74999704 9.84000064 2.74999704 1 P 0
L 9.0899996 4.24999912 9.84000064 4.24999912 1 P 0
L 9.30007538 18.09999936 9.30007538 20.89999884 0 P 0
L 9.30007538 18.09999936 10.90007726 18.09999936 0 P 0
L 9.30007538 20.89999884 10.90007726 20.89999884 0 P 0
L 9.84000064 2.74999704 9.84000064 4.24999912 1 P 0
L 10.3599996 2.74999704 10.3599996 4.24999912 0 P 0
L 10.3599996 2.74999704 11.11000064 2.74999704 0 P 0
L 10.3599996 4.24999912 11.11000064 4.24999912 0 P 0
L 10.90007726 18.09999936 10.90007726 20.89999884 0 P 0
L 11.11000064 2.74999704 11.11000064 4.24999912 0 P 0
L 11.6299996 2.74999704 11.6299996 4.24999912 1 P 0
L 11.6299996 2.74999704 12.38000064 2.74999704 1 P 0
L 11.6299996 4.24999912 12.38000064 4.24999912 1 P 0
L 11.80007546 18.09999936 11.80007546 20.89999884 0 P 0
L 11.80007546 18.09999936 13.40007734 18.09999936 0 P 0
L 11.80007546 20.89999884 13.40007734 20.89999884 0 P 0
L 12.38000064 2.74999704 12.38000064 4.24999912 1 P 0
L 12.8999996 2.74999704 12.8999996 4.24999912 0 P 0
L 12.8999996 2.74999704 13.65000064 2.74999704 0 P 0
L 12.8999996 4.24999912 13.65000064 4.24999912 0 P 0
L 13.40007734 18.09999936 13.40007734 20.89999884 0 P 0
L 13.65000064 2.74999704 13.65000064 4.24999912 0 P 0
L 14.1699996 2.74999704 14.1699996 4.24999912 1 P 0
L 14.1699996 2.74999704 14.92000064 2.74999704 1 P 0
L 14.1699996 4.24999912 14.92000064 4.24999912 1 P 0
L 14.92000064 2.74999704 14.92000064 4.24999912 1 P 0
L 15.59999928 4.49999862 15.59999928 12.49999786 0 P 0
