UNITS=MM
#Layer_Color=32896
#
#Feature symbol names
#
$0 r9.99998

#
#Feature attribute names
#

#
#Layer features
#
L -0.1499235 15.00000048 0.3500755 15.00000048 0 P 0
L -0.27492452 14.24999944 -0.27492452 15.75000152 0 P 0
L -0.27492452 14.24999944 0.47507652 14.24999944 0 P 0
L -0.27492452 15.75000152 0.47507652 15.75000152 0 P 0
L -2.02492356 14.24999944 -2.02492356 15.75000152 0 P 0
L -2.39992408 14.75000098 -2.39992408 15.24999998 0 P 0
L -2.64992358 15.00000048 -2.14992458 15.00000048 0 P 0
L -2.7749246 14.24999944 -2.02492356 14.24999944 0 P 0
L -2.7749246 14.24999944 -2.7749246 15.75000152 0 P 0
L -2.7749246 15.75000152 -2.02492356 15.75000152 0 P 0
L -4.52492364 14.24999944 -4.52492364 15.75000152 0 P 0
L -4.89992416 14.75000098 -4.89992416 15.24999998 0 P 0
L -5.14992366 15.00000048 -4.64992466 15.00000048 0 P 0
L -5.27492468 14.24999944 -4.52492364 14.24999944 0 P 0
L -5.27492468 14.24999944 -5.27492468 15.75000152 0 P 0
L -5.27492468 15.75000152 -4.52492364 15.75000152 0 P 0
L -9.14999948 21.00000118 -9.14999948 33.49999904 0 P 0
L -9.14999948 21.00000118 16.84999932 21.00000118 0 P 0
L -9.14999948 33.49999904 16.84999932 33.49999904 0 P 0
L 0.100076 14.75000098 0.100076 15.24999998 0 P 0
L 0.47507652 14.24999944 0.47507652 15.75000152 0 P 0
L 2.22507556 14.24999944 2.22507556 15.75000152 0 P 0
L 2.22507556 14.24999944 2.9750766 14.24999944 0 P 0
L 2.22507556 15.75000152 2.9750766 15.75000152 0 P 0
L 2.35007658 15.00000048 2.85007558 15.00000048 0 P 0
L 2.60007608 14.75000098 2.60007608 15.24999998 0 P 0
L 2.9750766 14.24999944 2.9750766 15.75000152 0 P 0
L 3.60000042 24.00000026 4.09999942 24.00000026 0 P 0
L 3.84999992 23.75000076 3.84999992 24.24999976 0 P 0
L 4.72507564 14.24999944 4.72507564 15.75000152 0 P 0
L 4.72507564 14.24999944 5.47507668 14.24999944 0 P 0
L 4.72507564 15.75000152 5.47507668 15.75000152 0 P 0
L 4.85007666 15.00000048 5.35007566 15.00000048 0 P 0
L 5.10007616 14.75000098 5.10007616 15.24999998 0 P 0
L 5.47507668 14.24999944 5.47507668 15.75000152 0 P 0
L 7.22499952 14.24999944 7.22499952 15.75000152 0 P 0
L 7.22499952 14.24999944 7.97500056 14.24999944 0 P 0
L 7.22499952 15.75000152 7.97500056 15.75000152 0 P 0
L 7.35000054 15.00000048 7.84999954 15.00000048 0 P 0
L 7.60000004 14.75000098 7.60000004 15.24999998 0 P 0
L 7.97500056 14.24999944 7.97500056 15.75000152 0 P 0
L 9.7249996 14.24999944 9.7249996 15.75000152 0 P 0
L 9.7249996 14.24999944 10.47500064 14.24999944 0 P 0
L 9.7249996 15.75000152 10.47500064 15.75000152 0 P 0
L 9.85000062 15.00000048 10.34999962 15.00000048 0 P 0
L 10.10000012 14.75000098 10.10000012 15.24999998 0 P 0
L 10.47500064 14.24999944 10.47500064 15.75000152 0 P 0
L 12.22499968 14.24999944 12.22499968 15.75000152 0 P 0
L 12.22499968 14.24999944 12.97500072 14.24999944 0 P 0
L 12.22499968 15.75000152 12.97500072 15.75000152 0 P 0
L 12.3500007 15.00000048 12.8499997 15.00000048 0 P 0
L 12.6000002 14.75000098 12.6000002 15.24999998 0 P 0
L 12.97500072 14.24999944 12.97500072 15.75000152 0 P 0
L 16.84999932 21.00000118 16.84999932 33.49999904 0 P 0
