UNITS=MM
#Layer_Color=8388736
#
#Feature symbol names
#
$0 r9.99998

#
#Feature attribute names
#

#
#Layer features
#
L -0.27492452 14.24999944 -0.27492452 15.75000152 0 P 0
L -0.27492452 14.24999944 0.47507652 14.24999944 0 P 0
L -0.27492452 15.75000152 0.47507652 15.75000152 0 P 0
L -2.02492356 14.24999944 -2.02492356 15.75000152 0 P 0
L -2.7749246 14.24999944 -2.02492356 14.24999944 0 P 0
L -2.7749246 14.24999944 -2.7749246 15.75000152 0 P 0
L -2.7749246 15.75000152 -2.02492356 15.75000152 0 P 0
L -4.52492364 14.24999944 -4.52492364 15.75000152 0 P 0
L -5.27492468 14.24999944 -4.52492364 14.24999944 0 P 0
L -5.27492468 14.24999944 -5.27492468 15.75000152 0 P 0
L -5.27492468 15.75000152 -4.52492364 15.75000152 0 P 0
L -9.14999948 21.00000118 -9.14999948 33.49999904 0 P 0
L -9.14999948 21.00000118 16.84999932 21.00000118 0 P 0
L -9.14999948 33.49999904 16.84999932 33.49999904 0 P 0
L 0.47507652 14.24999944 0.47507652 15.75000152 0 P 0
L 2.22507556 14.24999944 2.22507556 15.75000152 0 P 0
L 2.22507556 14.24999944 2.9750766 14.24999944 0 P 0
L 2.22507556 15.75000152 2.9750766 15.75000152 0 P 0
L 2.9750766 14.24999944 2.9750766 15.75000152 0 P 0
L 4.72507564 14.24999944 4.72507564 15.75000152 0 P 0
L 4.72507564 14.24999944 5.47507668 14.24999944 0 P 0
L 4.72507564 15.75000152 5.47507668 15.75000152 0 P 0
L 5.47507668 14.24999944 5.47507668 15.75000152 0 P 0
L 7.22499952 14.24999944 7.22499952 15.75000152 0 P 0
L 7.22499952 14.24999944 7.97500056 14.24999944 0 P 0
L 7.22499952 15.75000152 7.97500056 15.75000152 0 P 0
L 7.97500056 14.24999944 7.97500056 15.75000152 0 P 0
L 9.7249996 14.24999944 9.7249996 15.75000152 0 P 0
L 9.7249996 14.24999944 10.47500064 14.24999944 0 P 0
L 9.7249996 15.75000152 10.47500064 15.75000152 0 P 0
L 10.47500064 14.24999944 10.47500064 15.75000152 0 P 0
L 12.22499968 14.24999944 12.22499968 15.75000152 0 P 0
L 12.22499968 14.24999944 12.97500072 14.24999944 0 P 0
L 12.22499968 15.75000152 12.97500072 15.75000152 0 P 0
L 12.97500072 14.24999944 12.97500072 15.75000152 0 P 0
L 16.84999932 21.00000118 16.84999932 33.49999904 0 P 0
